[detector-ce40]
method = earth_normal
latitude =   0.802851
longitude = -2.234021
yangle =     1.745329

[detector-ce20]
method = earth_normal
latitude =   0.5061454
longitude = -1.6406094
yangle =     2.7925268
